{
 "cells": [
  {
   "cell_type": "code",
   "execution_count": 1,
   "id": "06e5fcda",
   "metadata": {},
   "outputs": [],
   "source": [
    "import pandas as pd\n",
    "import numpy as np \n",
    "import seaborn as sns\n",
    "import matplotlib.pyplot as plt\n",
    "import warnings\n",
    "warnings.filterwarnings(\"ignore\")\n",
    "import statsmodels \n"
   ]
  },
  {
   "cell_type": "code",
   "execution_count": 2,
   "id": "265f98a9",
   "metadata": {},
   "outputs": [],
   "source": [
    "df = pd.read_csv(r'C:\\Users\\HOME\\Downloads\\OneDrive_2024-05-04\\Rain Forecasting\\mumbai-monthly-rains1.csv')"
   ]
  },
  {
   "cell_type": "code",
   "execution_count": 3,
   "id": "e8c7cbeb",
   "metadata": {},
   "outputs": [
    {
     "data": {
      "text/html": [
       "<div>\n",
       "<style scoped>\n",
       "    .dataframe tbody tr th:only-of-type {\n",
       "        vertical-align: middle;\n",
       "    }\n",
       "\n",
       "    .dataframe tbody tr th {\n",
       "        vertical-align: top;\n",
       "    }\n",
       "\n",
       "    .dataframe thead th {\n",
       "        text-align: right;\n",
       "    }\n",
       "</style>\n",
       "<table border=\"1\" class=\"dataframe\">\n",
       "  <thead>\n",
       "    <tr style=\"text-align: right;\">\n",
       "      <th></th>\n",
       "      <th>Year</th>\n",
       "      <th>Jan</th>\n",
       "      <th>Feb</th>\n",
       "      <th>Mar</th>\n",
       "      <th>April</th>\n",
       "      <th>May</th>\n",
       "      <th>June</th>\n",
       "      <th>July</th>\n",
       "      <th>Aug</th>\n",
       "      <th>Sept</th>\n",
       "      <th>Oct</th>\n",
       "      <th>Nov</th>\n",
       "      <th>Dec</th>\n",
       "      <th>Total</th>\n",
       "    </tr>\n",
       "  </thead>\n",
       "  <tbody>\n",
       "    <tr>\n",
       "      <th>0</th>\n",
       "      <td>1901</td>\n",
       "      <td>13.116602</td>\n",
       "      <td>0.000000</td>\n",
       "      <td>0.000000</td>\n",
       "      <td>3.949669</td>\n",
       "      <td>17.139791</td>\n",
       "      <td>640.714036</td>\n",
       "      <td>888.369692</td>\n",
       "      <td>545.045796</td>\n",
       "      <td>64.271513</td>\n",
       "      <td>9.871696</td>\n",
       "      <td>0.000000</td>\n",
       "      <td>0.000000</td>\n",
       "      <td>2182.478796</td>\n",
       "    </tr>\n",
       "    <tr>\n",
       "      <th>1</th>\n",
       "      <td>1902</td>\n",
       "      <td>0.000000</td>\n",
       "      <td>0.000000</td>\n",
       "      <td>0.000000</td>\n",
       "      <td>0.000000</td>\n",
       "      <td>0.355001</td>\n",
       "      <td>247.998782</td>\n",
       "      <td>408.433730</td>\n",
       "      <td>566.595863</td>\n",
       "      <td>688.913455</td>\n",
       "      <td>28.654092</td>\n",
       "      <td>0.488864</td>\n",
       "      <td>19.526547</td>\n",
       "      <td>1960.966334</td>\n",
       "    </tr>\n",
       "    <tr>\n",
       "      <th>2</th>\n",
       "      <td>1903</td>\n",
       "      <td>0.000000</td>\n",
       "      <td>0.000000</td>\n",
       "      <td>0.844034</td>\n",
       "      <td>0.000000</td>\n",
       "      <td>220.568740</td>\n",
       "      <td>370.849048</td>\n",
       "      <td>902.447896</td>\n",
       "      <td>602.420828</td>\n",
       "      <td>264.589816</td>\n",
       "      <td>157.892877</td>\n",
       "      <td>0.000000</td>\n",
       "      <td>0.000000</td>\n",
       "      <td>2519.613240</td>\n",
       "    </tr>\n",
       "    <tr>\n",
       "      <th>3</th>\n",
       "      <td>1904</td>\n",
       "      <td>0.000000</td>\n",
       "      <td>0.000000</td>\n",
       "      <td>11.381769</td>\n",
       "      <td>0.000000</td>\n",
       "      <td>0.000000</td>\n",
       "      <td>723.081969</td>\n",
       "      <td>390.886799</td>\n",
       "      <td>191.581927</td>\n",
       "      <td>85.704754</td>\n",
       "      <td>38.679948</td>\n",
       "      <td>0.000000</td>\n",
       "      <td>0.000000</td>\n",
       "      <td>1441.317168</td>\n",
       "    </tr>\n",
       "    <tr>\n",
       "      <th>4</th>\n",
       "      <td>1905</td>\n",
       "      <td>0.662561</td>\n",
       "      <td>1.713452</td>\n",
       "      <td>0.000000</td>\n",
       "      <td>0.000000</td>\n",
       "      <td>0.000000</td>\n",
       "      <td>123.870892</td>\n",
       "      <td>581.827975</td>\n",
       "      <td>167.382149</td>\n",
       "      <td>172.297723</td>\n",
       "      <td>7.365924</td>\n",
       "      <td>24.903575</td>\n",
       "      <td>0.000000</td>\n",
       "      <td>1080.024250</td>\n",
       "    </tr>\n",
       "  </tbody>\n",
       "</table>\n",
       "</div>"
      ],
      "text/plain": [
       "   Year        Jan       Feb        Mar     April         May        June  \\\n",
       "0  1901  13.116602  0.000000   0.000000  3.949669   17.139791  640.714036   \n",
       "1  1902   0.000000  0.000000   0.000000  0.000000    0.355001  247.998782   \n",
       "2  1903   0.000000  0.000000   0.844034  0.000000  220.568740  370.849048   \n",
       "3  1904   0.000000  0.000000  11.381769  0.000000    0.000000  723.081969   \n",
       "4  1905   0.662561  1.713452   0.000000  0.000000    0.000000  123.870892   \n",
       "\n",
       "         July         Aug        Sept         Oct        Nov        Dec  \\\n",
       "0  888.369692  545.045796   64.271513    9.871696   0.000000   0.000000   \n",
       "1  408.433730  566.595863  688.913455   28.654092   0.488864  19.526547   \n",
       "2  902.447896  602.420828  264.589816  157.892877   0.000000   0.000000   \n",
       "3  390.886799  191.581927   85.704754   38.679948   0.000000   0.000000   \n",
       "4  581.827975  167.382149  172.297723    7.365924  24.903575   0.000000   \n",
       "\n",
       "         Total  \n",
       "0  2182.478796  \n",
       "1  1960.966334  \n",
       "2  2519.613240  \n",
       "3  1441.317168  \n",
       "4  1080.024250  "
      ]
     },
     "execution_count": 3,
     "metadata": {},
     "output_type": "execute_result"
    }
   ],
   "source": [
    "df.head()"
   ]
  },
  {
   "cell_type": "code",
   "execution_count": 4,
   "id": "0613af42",
   "metadata": {},
   "outputs": [
    {
     "data": {
      "text/plain": [
       "(121, 14)"
      ]
     },
     "execution_count": 4,
     "metadata": {},
     "output_type": "execute_result"
    }
   ],
   "source": [
    "df.shape"
   ]
  },
  {
   "cell_type": "markdown",
   "id": "346e57b9",
   "metadata": {},
   "source": [
    "Here we check the shape of the data so we have 121 Rows and 14 Columns"
   ]
  },
  {
   "cell_type": "code",
   "execution_count": 5,
   "id": "c3fc56ca",
   "metadata": {},
   "outputs": [
    {
     "data": {
      "text/html": [
       "<div>\n",
       "<style scoped>\n",
       "    .dataframe tbody tr th:only-of-type {\n",
       "        vertical-align: middle;\n",
       "    }\n",
       "\n",
       "    .dataframe tbody tr th {\n",
       "        vertical-align: top;\n",
       "    }\n",
       "\n",
       "    .dataframe thead th {\n",
       "        text-align: right;\n",
       "    }\n",
       "</style>\n",
       "<table border=\"1\" class=\"dataframe\">\n",
       "  <thead>\n",
       "    <tr style=\"text-align: right;\">\n",
       "      <th></th>\n",
       "      <th>Year</th>\n",
       "      <th>Jan</th>\n",
       "      <th>Feb</th>\n",
       "      <th>Mar</th>\n",
       "      <th>April</th>\n",
       "      <th>May</th>\n",
       "      <th>June</th>\n",
       "      <th>July</th>\n",
       "      <th>Aug</th>\n",
       "      <th>Sept</th>\n",
       "      <th>Oct</th>\n",
       "      <th>Nov</th>\n",
       "      <th>Dec</th>\n",
       "      <th>Total</th>\n",
       "    </tr>\n",
       "  </thead>\n",
       "  <tbody>\n",
       "    <tr>\n",
       "      <th>count</th>\n",
       "      <td>121.000000</td>\n",
       "      <td>121.000000</td>\n",
       "      <td>121.000000</td>\n",
       "      <td>121.000000</td>\n",
       "      <td>121.000000</td>\n",
       "      <td>121.000000</td>\n",
       "      <td>121.000000</td>\n",
       "      <td>121.000000</td>\n",
       "      <td>121.000000</td>\n",
       "      <td>121.000000</td>\n",
       "      <td>121.000000</td>\n",
       "      <td>121.000000</td>\n",
       "      <td>121.000000</td>\n",
       "      <td>121.000000</td>\n",
       "    </tr>\n",
       "    <tr>\n",
       "      <th>mean</th>\n",
       "      <td>1961.000000</td>\n",
       "      <td>1.567235</td>\n",
       "      <td>0.929358</td>\n",
       "      <td>0.869231</td>\n",
       "      <td>1.428458</td>\n",
       "      <td>18.183632</td>\n",
       "      <td>517.854402</td>\n",
       "      <td>757.407412</td>\n",
       "      <td>465.600818</td>\n",
       "      <td>312.885747</td>\n",
       "      <td>73.983526</td>\n",
       "      <td>13.849462</td>\n",
       "      <td>3.556428</td>\n",
       "      <td>2168.115709</td>\n",
       "    </tr>\n",
       "    <tr>\n",
       "      <th>std</th>\n",
       "      <td>35.073732</td>\n",
       "      <td>6.462247</td>\n",
       "      <td>3.077050</td>\n",
       "      <td>2.890032</td>\n",
       "      <td>7.371307</td>\n",
       "      <td>48.628812</td>\n",
       "      <td>251.067016</td>\n",
       "      <td>285.836188</td>\n",
       "      <td>249.072915</td>\n",
       "      <td>205.135368</td>\n",
       "      <td>96.686113</td>\n",
       "      <td>29.689941</td>\n",
       "      <td>12.342390</td>\n",
       "      <td>533.263926</td>\n",
       "    </tr>\n",
       "    <tr>\n",
       "      <th>min</th>\n",
       "      <td>1901.000000</td>\n",
       "      <td>0.000000</td>\n",
       "      <td>0.000000</td>\n",
       "      <td>0.000000</td>\n",
       "      <td>0.000000</td>\n",
       "      <td>0.000000</td>\n",
       "      <td>61.058662</td>\n",
       "      <td>103.209194</td>\n",
       "      <td>87.493370</td>\n",
       "      <td>36.313545</td>\n",
       "      <td>0.000000</td>\n",
       "      <td>0.000000</td>\n",
       "      <td>0.000000</td>\n",
       "      <td>1058.840525</td>\n",
       "    </tr>\n",
       "    <tr>\n",
       "      <th>25%</th>\n",
       "      <td>1931.000000</td>\n",
       "      <td>0.000000</td>\n",
       "      <td>0.000000</td>\n",
       "      <td>0.000000</td>\n",
       "      <td>0.000000</td>\n",
       "      <td>0.000000</td>\n",
       "      <td>324.094617</td>\n",
       "      <td>540.745923</td>\n",
       "      <td>268.002392</td>\n",
       "      <td>149.584208</td>\n",
       "      <td>9.871696</td>\n",
       "      <td>0.000000</td>\n",
       "      <td>0.000000</td>\n",
       "      <td>1834.996957</td>\n",
       "    </tr>\n",
       "    <tr>\n",
       "      <th>50%</th>\n",
       "      <td>1961.000000</td>\n",
       "      <td>0.000000</td>\n",
       "      <td>0.000000</td>\n",
       "      <td>0.000000</td>\n",
       "      <td>0.000000</td>\n",
       "      <td>0.355001</td>\n",
       "      <td>482.449872</td>\n",
       "      <td>788.403637</td>\n",
       "      <td>445.870342</td>\n",
       "      <td>269.276549</td>\n",
       "      <td>43.479170</td>\n",
       "      <td>1.066086</td>\n",
       "      <td>0.000000</td>\n",
       "      <td>2126.054987</td>\n",
       "    </tr>\n",
       "    <tr>\n",
       "      <th>75%</th>\n",
       "      <td>1991.000000</td>\n",
       "      <td>0.000000</td>\n",
       "      <td>0.152298</td>\n",
       "      <td>0.000000</td>\n",
       "      <td>0.194165</td>\n",
       "      <td>4.208322</td>\n",
       "      <td>678.040770</td>\n",
       "      <td>942.616099</td>\n",
       "      <td>604.372615</td>\n",
       "      <td>398.645218</td>\n",
       "      <td>98.235161</td>\n",
       "      <td>9.373154</td>\n",
       "      <td>0.176149</td>\n",
       "      <td>2478.558089</td>\n",
       "    </tr>\n",
       "    <tr>\n",
       "      <th>max</th>\n",
       "      <td>2021.000000</td>\n",
       "      <td>51.348290</td>\n",
       "      <td>21.107118</td>\n",
       "      <td>18.252996</td>\n",
       "      <td>75.541818</td>\n",
       "      <td>234.392757</td>\n",
       "      <td>1219.518576</td>\n",
       "      <td>1358.833554</td>\n",
       "      <td>1200.956558</td>\n",
       "      <td>987.796660</td>\n",
       "      <td>552.902707</td>\n",
       "      <td>164.348387</td>\n",
       "      <td>90.044602</td>\n",
       "      <td>3563.259531</td>\n",
       "    </tr>\n",
       "  </tbody>\n",
       "</table>\n",
       "</div>"
      ],
      "text/plain": [
       "              Year         Jan         Feb         Mar       April  \\\n",
       "count   121.000000  121.000000  121.000000  121.000000  121.000000   \n",
       "mean   1961.000000    1.567235    0.929358    0.869231    1.428458   \n",
       "std      35.073732    6.462247    3.077050    2.890032    7.371307   \n",
       "min    1901.000000    0.000000    0.000000    0.000000    0.000000   \n",
       "25%    1931.000000    0.000000    0.000000    0.000000    0.000000   \n",
       "50%    1961.000000    0.000000    0.000000    0.000000    0.000000   \n",
       "75%    1991.000000    0.000000    0.152298    0.000000    0.194165   \n",
       "max    2021.000000   51.348290   21.107118   18.252996   75.541818   \n",
       "\n",
       "              May         June         July          Aug        Sept  \\\n",
       "count  121.000000   121.000000   121.000000   121.000000  121.000000   \n",
       "mean    18.183632   517.854402   757.407412   465.600818  312.885747   \n",
       "std     48.628812   251.067016   285.836188   249.072915  205.135368   \n",
       "min      0.000000    61.058662   103.209194    87.493370   36.313545   \n",
       "25%      0.000000   324.094617   540.745923   268.002392  149.584208   \n",
       "50%      0.355001   482.449872   788.403637   445.870342  269.276549   \n",
       "75%      4.208322   678.040770   942.616099   604.372615  398.645218   \n",
       "max    234.392757  1219.518576  1358.833554  1200.956558  987.796660   \n",
       "\n",
       "              Oct         Nov         Dec        Total  \n",
       "count  121.000000  121.000000  121.000000   121.000000  \n",
       "mean    73.983526   13.849462    3.556428  2168.115709  \n",
       "std     96.686113   29.689941   12.342390   533.263926  \n",
       "min      0.000000    0.000000    0.000000  1058.840525  \n",
       "25%      9.871696    0.000000    0.000000  1834.996957  \n",
       "50%     43.479170    1.066086    0.000000  2126.054987  \n",
       "75%     98.235161    9.373154    0.176149  2478.558089  \n",
       "max    552.902707  164.348387   90.044602  3563.259531  "
      ]
     },
     "execution_count": 5,
     "metadata": {},
     "output_type": "execute_result"
    }
   ],
   "source": [
    "df.describe()"
   ]
  },
  {
   "cell_type": "code",
   "execution_count": 6,
   "id": "16b2462c",
   "metadata": {},
   "outputs": [
    {
     "data": {
      "text/plain": [
       "Year     0\n",
       "Jan      0\n",
       "Feb      0\n",
       "Mar      0\n",
       "April    0\n",
       "May      0\n",
       "June     0\n",
       "July     0\n",
       "Aug      0\n",
       "Sept     0\n",
       "Oct      0\n",
       "Nov      0\n",
       "Dec      0\n",
       "Total    0\n",
       "dtype: int64"
      ]
     },
     "execution_count": 6,
     "metadata": {},
     "output_type": "execute_result"
    }
   ],
   "source": [
    "df.isnull().sum()"
   ]
  },
  {
   "cell_type": "markdown",
   "id": "82450cd1",
   "metadata": {},
   "source": [
    "so here we check whethere we have missing or not "
   ]
  },
  {
   "cell_type": "code",
   "execution_count": 7,
   "id": "042deac7",
   "metadata": {},
   "outputs": [
    {
     "data": {
      "text/html": [
       "<div>\n",
       "<style scoped>\n",
       "    .dataframe tbody tr th:only-of-type {\n",
       "        vertical-align: middle;\n",
       "    }\n",
       "\n",
       "    .dataframe tbody tr th {\n",
       "        vertical-align: top;\n",
       "    }\n",
       "\n",
       "    .dataframe thead th {\n",
       "        text-align: right;\n",
       "    }\n",
       "</style>\n",
       "<table border=\"1\" class=\"dataframe\">\n",
       "  <thead>\n",
       "    <tr style=\"text-align: right;\">\n",
       "      <th></th>\n",
       "      <th>Year</th>\n",
       "      <th>Jan</th>\n",
       "      <th>Feb</th>\n",
       "      <th>Mar</th>\n",
       "      <th>April</th>\n",
       "      <th>May</th>\n",
       "      <th>June</th>\n",
       "      <th>July</th>\n",
       "      <th>Aug</th>\n",
       "      <th>Sept</th>\n",
       "      <th>Oct</th>\n",
       "      <th>Nov</th>\n",
       "      <th>Dec</th>\n",
       "      <th>Total</th>\n",
       "    </tr>\n",
       "  </thead>\n",
       "  <tbody>\n",
       "    <tr>\n",
       "      <th>Year</th>\n",
       "      <td>1.000000</td>\n",
       "      <td>-0.167339</td>\n",
       "      <td>-0.185087</td>\n",
       "      <td>-0.017924</td>\n",
       "      <td>-0.022950</td>\n",
       "      <td>0.062708</td>\n",
       "      <td>0.096394</td>\n",
       "      <td>0.178162</td>\n",
       "      <td>0.178158</td>\n",
       "      <td>0.197951</td>\n",
       "      <td>0.028973</td>\n",
       "      <td>0.025908</td>\n",
       "      <td>0.237488</td>\n",
       "      <td>0.314641</td>\n",
       "    </tr>\n",
       "    <tr>\n",
       "      <th>Jan</th>\n",
       "      <td>-0.167339</td>\n",
       "      <td>1.000000</td>\n",
       "      <td>0.026266</td>\n",
       "      <td>-0.049749</td>\n",
       "      <td>-0.025771</td>\n",
       "      <td>-0.069646</td>\n",
       "      <td>-0.160638</td>\n",
       "      <td>0.098176</td>\n",
       "      <td>0.030260</td>\n",
       "      <td>-0.057634</td>\n",
       "      <td>-0.076002</td>\n",
       "      <td>-0.054496</td>\n",
       "      <td>-0.055176</td>\n",
       "      <td>-0.043842</td>\n",
       "    </tr>\n",
       "    <tr>\n",
       "      <th>Feb</th>\n",
       "      <td>-0.185087</td>\n",
       "      <td>0.026266</td>\n",
       "      <td>1.000000</td>\n",
       "      <td>0.154678</td>\n",
       "      <td>-0.038117</td>\n",
       "      <td>-0.062442</td>\n",
       "      <td>0.068033</td>\n",
       "      <td>0.063596</td>\n",
       "      <td>0.088498</td>\n",
       "      <td>0.075960</td>\n",
       "      <td>0.262985</td>\n",
       "      <td>-0.078553</td>\n",
       "      <td>-0.045305</td>\n",
       "      <td>0.179639</td>\n",
       "    </tr>\n",
       "    <tr>\n",
       "      <th>Mar</th>\n",
       "      <td>-0.017924</td>\n",
       "      <td>-0.049749</td>\n",
       "      <td>0.154678</td>\n",
       "      <td>1.000000</td>\n",
       "      <td>-0.005767</td>\n",
       "      <td>0.109045</td>\n",
       "      <td>0.114081</td>\n",
       "      <td>-0.326480</td>\n",
       "      <td>-0.113080</td>\n",
       "      <td>-0.116982</td>\n",
       "      <td>-0.033481</td>\n",
       "      <td>-0.063866</td>\n",
       "      <td>-0.033206</td>\n",
       "      <td>-0.213925</td>\n",
       "    </tr>\n",
       "    <tr>\n",
       "      <th>April</th>\n",
       "      <td>-0.022950</td>\n",
       "      <td>-0.025771</td>\n",
       "      <td>-0.038117</td>\n",
       "      <td>-0.005767</td>\n",
       "      <td>1.000000</td>\n",
       "      <td>-0.037862</td>\n",
       "      <td>-0.200301</td>\n",
       "      <td>0.043259</td>\n",
       "      <td>0.101775</td>\n",
       "      <td>0.048446</td>\n",
       "      <td>-0.029498</td>\n",
       "      <td>-0.065394</td>\n",
       "      <td>-0.019145</td>\n",
       "      <td>-0.004569</td>\n",
       "    </tr>\n",
       "    <tr>\n",
       "      <th>May</th>\n",
       "      <td>0.062708</td>\n",
       "      <td>-0.069646</td>\n",
       "      <td>-0.062442</td>\n",
       "      <td>0.109045</td>\n",
       "      <td>-0.037862</td>\n",
       "      <td>1.000000</td>\n",
       "      <td>0.049596</td>\n",
       "      <td>-0.049705</td>\n",
       "      <td>0.050064</td>\n",
       "      <td>0.004509</td>\n",
       "      <td>-0.026436</td>\n",
       "      <td>-0.087351</td>\n",
       "      <td>0.216620</td>\n",
       "      <td>0.107237</td>\n",
       "    </tr>\n",
       "    <tr>\n",
       "      <th>June</th>\n",
       "      <td>0.096394</td>\n",
       "      <td>-0.160638</td>\n",
       "      <td>0.068033</td>\n",
       "      <td>0.114081</td>\n",
       "      <td>-0.200301</td>\n",
       "      <td>0.049596</td>\n",
       "      <td>1.000000</td>\n",
       "      <td>-0.143293</td>\n",
       "      <td>-0.044124</td>\n",
       "      <td>-0.129140</td>\n",
       "      <td>0.044818</td>\n",
       "      <td>-0.085140</td>\n",
       "      <td>0.036199</td>\n",
       "      <td>0.328760</td>\n",
       "    </tr>\n",
       "    <tr>\n",
       "      <th>July</th>\n",
       "      <td>0.178162</td>\n",
       "      <td>0.098176</td>\n",
       "      <td>0.063596</td>\n",
       "      <td>-0.326480</td>\n",
       "      <td>0.043259</td>\n",
       "      <td>-0.049705</td>\n",
       "      <td>-0.143293</td>\n",
       "      <td>1.000000</td>\n",
       "      <td>0.096170</td>\n",
       "      <td>0.127662</td>\n",
       "      <td>0.021268</td>\n",
       "      <td>-0.035296</td>\n",
       "      <td>0.036279</td>\n",
       "      <td>0.561159</td>\n",
       "    </tr>\n",
       "    <tr>\n",
       "      <th>Aug</th>\n",
       "      <td>0.178158</td>\n",
       "      <td>0.030260</td>\n",
       "      <td>0.088498</td>\n",
       "      <td>-0.113080</td>\n",
       "      <td>0.101775</td>\n",
       "      <td>0.050064</td>\n",
       "      <td>-0.044124</td>\n",
       "      <td>0.096170</td>\n",
       "      <td>1.000000</td>\n",
       "      <td>0.151878</td>\n",
       "      <td>0.233389</td>\n",
       "      <td>-0.020101</td>\n",
       "      <td>0.085781</td>\n",
       "      <td>0.605689</td>\n",
       "    </tr>\n",
       "    <tr>\n",
       "      <th>Sept</th>\n",
       "      <td>0.197951</td>\n",
       "      <td>-0.057634</td>\n",
       "      <td>0.075960</td>\n",
       "      <td>-0.116982</td>\n",
       "      <td>0.048446</td>\n",
       "      <td>0.004509</td>\n",
       "      <td>-0.129140</td>\n",
       "      <td>0.127662</td>\n",
       "      <td>0.151878</td>\n",
       "      <td>1.000000</td>\n",
       "      <td>0.094286</td>\n",
       "      <td>-0.010578</td>\n",
       "      <td>0.117108</td>\n",
       "      <td>0.482648</td>\n",
       "    </tr>\n",
       "    <tr>\n",
       "      <th>Oct</th>\n",
       "      <td>0.028973</td>\n",
       "      <td>-0.076002</td>\n",
       "      <td>0.262985</td>\n",
       "      <td>-0.033481</td>\n",
       "      <td>-0.029498</td>\n",
       "      <td>-0.026436</td>\n",
       "      <td>0.044818</td>\n",
       "      <td>0.021268</td>\n",
       "      <td>0.233389</td>\n",
       "      <td>0.094286</td>\n",
       "      <td>1.000000</td>\n",
       "      <td>0.008377</td>\n",
       "      <td>-0.032454</td>\n",
       "      <td>0.356402</td>\n",
       "    </tr>\n",
       "    <tr>\n",
       "      <th>Nov</th>\n",
       "      <td>0.025908</td>\n",
       "      <td>-0.054496</td>\n",
       "      <td>-0.078553</td>\n",
       "      <td>-0.063866</td>\n",
       "      <td>-0.065394</td>\n",
       "      <td>-0.087351</td>\n",
       "      <td>-0.085140</td>\n",
       "      <td>-0.035296</td>\n",
       "      <td>-0.020101</td>\n",
       "      <td>-0.010578</td>\n",
       "      <td>0.008377</td>\n",
       "      <td>1.000000</td>\n",
       "      <td>-0.012849</td>\n",
       "      <td>-0.025894</td>\n",
       "    </tr>\n",
       "    <tr>\n",
       "      <th>Dec</th>\n",
       "      <td>0.237488</td>\n",
       "      <td>-0.055176</td>\n",
       "      <td>-0.045305</td>\n",
       "      <td>-0.033206</td>\n",
       "      <td>-0.019145</td>\n",
       "      <td>0.216620</td>\n",
       "      <td>0.036199</td>\n",
       "      <td>0.036279</td>\n",
       "      <td>0.085781</td>\n",
       "      <td>0.117108</td>\n",
       "      <td>-0.032454</td>\n",
       "      <td>-0.012849</td>\n",
       "      <td>1.000000</td>\n",
       "      <td>0.156528</td>\n",
       "    </tr>\n",
       "    <tr>\n",
       "      <th>Total</th>\n",
       "      <td>0.314641</td>\n",
       "      <td>-0.043842</td>\n",
       "      <td>0.179639</td>\n",
       "      <td>-0.213925</td>\n",
       "      <td>-0.004569</td>\n",
       "      <td>0.107237</td>\n",
       "      <td>0.328760</td>\n",
       "      <td>0.561159</td>\n",
       "      <td>0.605689</td>\n",
       "      <td>0.482648</td>\n",
       "      <td>0.356402</td>\n",
       "      <td>-0.025894</td>\n",
       "      <td>0.156528</td>\n",
       "      <td>1.000000</td>\n",
       "    </tr>\n",
       "  </tbody>\n",
       "</table>\n",
       "</div>"
      ],
      "text/plain": [
       "           Year       Jan       Feb       Mar     April       May      June  \\\n",
       "Year   1.000000 -0.167339 -0.185087 -0.017924 -0.022950  0.062708  0.096394   \n",
       "Jan   -0.167339  1.000000  0.026266 -0.049749 -0.025771 -0.069646 -0.160638   \n",
       "Feb   -0.185087  0.026266  1.000000  0.154678 -0.038117 -0.062442  0.068033   \n",
       "Mar   -0.017924 -0.049749  0.154678  1.000000 -0.005767  0.109045  0.114081   \n",
       "April -0.022950 -0.025771 -0.038117 -0.005767  1.000000 -0.037862 -0.200301   \n",
       "May    0.062708 -0.069646 -0.062442  0.109045 -0.037862  1.000000  0.049596   \n",
       "June   0.096394 -0.160638  0.068033  0.114081 -0.200301  0.049596  1.000000   \n",
       "July   0.178162  0.098176  0.063596 -0.326480  0.043259 -0.049705 -0.143293   \n",
       "Aug    0.178158  0.030260  0.088498 -0.113080  0.101775  0.050064 -0.044124   \n",
       "Sept   0.197951 -0.057634  0.075960 -0.116982  0.048446  0.004509 -0.129140   \n",
       "Oct    0.028973 -0.076002  0.262985 -0.033481 -0.029498 -0.026436  0.044818   \n",
       "Nov    0.025908 -0.054496 -0.078553 -0.063866 -0.065394 -0.087351 -0.085140   \n",
       "Dec    0.237488 -0.055176 -0.045305 -0.033206 -0.019145  0.216620  0.036199   \n",
       "Total  0.314641 -0.043842  0.179639 -0.213925 -0.004569  0.107237  0.328760   \n",
       "\n",
       "           July       Aug      Sept       Oct       Nov       Dec     Total  \n",
       "Year   0.178162  0.178158  0.197951  0.028973  0.025908  0.237488  0.314641  \n",
       "Jan    0.098176  0.030260 -0.057634 -0.076002 -0.054496 -0.055176 -0.043842  \n",
       "Feb    0.063596  0.088498  0.075960  0.262985 -0.078553 -0.045305  0.179639  \n",
       "Mar   -0.326480 -0.113080 -0.116982 -0.033481 -0.063866 -0.033206 -0.213925  \n",
       "April  0.043259  0.101775  0.048446 -0.029498 -0.065394 -0.019145 -0.004569  \n",
       "May   -0.049705  0.050064  0.004509 -0.026436 -0.087351  0.216620  0.107237  \n",
       "June  -0.143293 -0.044124 -0.129140  0.044818 -0.085140  0.036199  0.328760  \n",
       "July   1.000000  0.096170  0.127662  0.021268 -0.035296  0.036279  0.561159  \n",
       "Aug    0.096170  1.000000  0.151878  0.233389 -0.020101  0.085781  0.605689  \n",
       "Sept   0.127662  0.151878  1.000000  0.094286 -0.010578  0.117108  0.482648  \n",
       "Oct    0.021268  0.233389  0.094286  1.000000  0.008377 -0.032454  0.356402  \n",
       "Nov   -0.035296 -0.020101 -0.010578  0.008377  1.000000 -0.012849 -0.025894  \n",
       "Dec    0.036279  0.085781  0.117108 -0.032454 -0.012849  1.000000  0.156528  \n",
       "Total  0.561159  0.605689  0.482648  0.356402 -0.025894  0.156528  1.000000  "
      ]
     },
     "execution_count": 7,
     "metadata": {},
     "output_type": "execute_result"
    }
   ],
   "source": [
    "df.corr()"
   ]
  },
  {
   "cell_type": "markdown",
   "id": "2ff031d4",
   "metadata": {},
   "source": [
    "here we check the correlation between the columns "
   ]
  },
  {
   "cell_type": "code",
   "execution_count": 8,
   "id": "c3358195",
   "metadata": {},
   "outputs": [
    {
     "data": {
      "text/plain": [
       "0"
      ]
     },
     "execution_count": 8,
     "metadata": {},
     "output_type": "execute_result"
    }
   ],
   "source": [
    "df.duplicated().sum()"
   ]
  },
  {
   "cell_type": "markdown",
   "id": "fb59ad0f",
   "metadata": {},
   "source": [
    "here we check we have duplicate or not"
   ]
  },
  {
   "cell_type": "code",
   "execution_count": null,
   "id": "3c5803a7",
   "metadata": {},
   "outputs": [],
   "source": []
  },
  {
   "cell_type": "code",
   "execution_count": 9,
   "id": "e34829e9",
   "metadata": {},
   "outputs": [
    {
     "data": {
      "text/plain": [
       "<seaborn.axisgrid.FacetGrid at 0x2ca39629390>"
      ]
     },
     "execution_count": 9,
     "metadata": {},
     "output_type": "execute_result"
    },
    {
     "data": {
      "text/plain": [
       "<Figure size 2200x1500 with 0 Axes>"
      ]
     },
     "metadata": {},
     "output_type": "display_data"
    },
    {
     "data": {
